[0.0147, 54.0, 0.2658, 3.5, 0.1053, 0.2, 0.1053, 2604748.9474]
[0.4359, 10.3333, 2.8, 0.5, 0.1667, 0.6923, 0.8462, 4025423.985]
[0.3667, 56.0, 0.4493, 3.0, 0.1667, 0.2, 0.2, 2391867.218]
[0.1395, 62.0, 0.3061, 62.0, 0.1667, 0.6923, 0.2353, 909774.4361]
[0.1081, 70.0, 0.7857, 0.9722, 0.6923, 2.2593, 0.2353, 2959099.9248]
[0.974, 60.0, 60.0, 62.0, 0.3158, 0.8462, 0.1053, 835366.8421]
[1.0, 64.0, 70.0, 64.0, 0.2353, 0.1053, 0.3158, 1419864.8872]
[0.3824, 2.0588, 70.0, 8.75, 0.1667, 0.6923, 0.2353, 2373333.8346]
[0.0196, 56.0, 0.1842, 3.4444, 0.1667, 0.6923, 0.1053, 2494432.4812]
[0.7907, 62.0, 0.274, 70.0, 0.1667, 0.6923, 1.7857, 3293233.0827]
[0.1591, 0.8537, 0.6034, 62.0, 0.1667, 0.3333, 0.3333, 534530.8271]
[0.619, 60.0, 60.0, 66.0, 0.6923, 0.8462, 0.6923, 1559093.4586]
[0.0938, 62.0, 5.6667, 1.1, 0.75, 0.2, 0.2, 873060.9023]
[0.1935, 66.0, 0.6744, 0.3882, 0.6923, 0.2353, 0.3929, 3879983.0075]
[0.1159, 8.5, 84.0, 1.5, 0.1667, 0.6923, 0.2353, 0]
[0.129, 4.4286, 0.2373, 0.3538, 0.1053, 0.5714, 0.1053, 0]
[0.075, 62.0, 0.3974, 8.75, 0.1667, 0.0769, 0.2353, 2813010.6015]
[0.4186, 2.2857, 6.4, 70.0, 0.6923, 0.8462, 0.8462, 1654857.7444]
[1.1739, 2.9167, 0.6522, 54.0, 0.1667, 0.6923, 0.75, 4612709.1729]
[0.1923, 9.3333, 56.0, 7.75, 0.0769, 2.2593, 0.3929, 858496.5414]
[0.2188, 2.3077, 7.5, 0.1566, 0.6923, 0.8462, 0.6923, 1165413.5338]
[0.0769, 17.5, 1.6, 0.4286, 0.1667, 0.6923, 0.75, 5283873.2331]
[0.3269, 62.0, 0.3662, 70.0, 0.6923, 0.3, 0.8462, 1259825.4135]
[160.0, 70.0, 0.0909, 8.5, 0.1053, 0.8462, 0.3158, 3244103.7594]
[0.1923, 62.0, 0.5439, 3.5556, 0.3929, 0.75, 0.3929, 1333694.1353]
[0.5106, 64.0, 0.9459, 62.0, 0.1053, 0.5714, 0.5714, 1325626.2406]
[0.2353, 2.3846, 0.2373, 62.0, 0.75, 0.2, 0.2, 426645.0376]
[0.0847, 62.0, 0.5849, 60.0, 0.3929, 0.2353, 0.3929, 0]
[1.06, 1.4286, 2.2143, 1.6316, 0.2, 0.75, 0.75, 3415970.3008]
[0.7551, 66.0, 6.6, 7.0, 0.1667, 0.6923, 0.2353, 822626.4662]
[0.5283, 70.0, 0.6731, 0.5741, 0.5714, 0.75, 0.75, 1893999.4737]
[0.9848, 62.0, 0.3974, 62.0, 0.1667, 0.3929, 0.1667, 122031.1278]
[0.0217, 62.0, 60.0, 0.84, 1.3333, 0.1053, 0.8462, 717132.9323]
[2.25, 70.0, 0.3714, 52.0, 0.2353, 0.8462, 0.2353, 0]
[0.1125, 54.0, 3.8571, 3.7778, 0.1667, 0.6923, 0.3929, 3042758.4962]
[0.0889, 66.0, 1.5714, 1.0833, 0.1053, 0.75, 0.1053, 1577422.5564]
[0.1714, 4.5, 0.3438, 70.0, 0.75, 0.8462, 0.3158, 4468942.3308]
[2.64, 70.0, 3.5, 70.0, 1.0, 0.75, 0.5882, 0]
[0.1714, 64.0, 70.0, 62.0, 0.2353, 0.2353, 0.3929, 36512.6316]
[0.0556, 10.0, 0.5263, 13.5, 0.1667, 0.2353, 0.8462, 1047178.2707]
[0.2424, 56.0, 1.625, 1.3333, 0.3, 0.1053, 0.3158, 3473598.2707]
[0.9677, 4.6667, 0.6585, 1.3333, 0.1667, 0.6923, 0.2353, 3620234.7368]
[0.4746, 68.0, 68.0, 62.0, 0.3158, 0.8462, 0.1053, 3994598.3459]
[0.2162, 70.0, 0.3855, 8.0, 0.1667, 0.3929, 0.1667, 1603998.1203]
[0.0946, 60.0, 0.2754, 0.2857, 0.6923, 0.2353, 2.2593, 2022137.9699]
[0.1333, 64.0, 0.3611, 64.0, 0.1053, 0.1053, 0.1053, 1224145.6391]
[0.069, 62.0, 1.9375, 6.2, 0.6923, 0.3929, 0.6923, 0]
[0.0704, 70.0, 0.2292, 8.0, 0.1667, 0.1053, 0.5714, 7493937.5188]
[0.1905, 62.0, 0.5536, 0.0517, 0.5714, 2.2593, 0.3929, 2367713.1579]
[0.1698, 60.0, 0.4478, 62.0, 0.2353, 0.3929, 0.2353, 1264914.6617]
[0.0847, 66.0, 0.2537, 66.0, 0.2, 0.2, 0.2, 1585497.594]
[0.425, 64.0, 0.23, 70.0, 0.6923, 0.3, 0.1053, 0]
[0.1685, 62.0, 2.5833, 62.0, 0.6923, 0.3, 0.1053, 1017096.6917]
[0.9286, 66.0, 1.5, 4.125, 0.8462, 0.2353, 0.1053, 3546341.203]
[0.2857, 70.0, 0.3034, 3.5, 0.1667, 0.6923, 0.2353, 0]
[0.2, 5.1667, 0.4085, 62.0, 0.1667, 0.6923, 0.2353, 1000340.0]
[0.3462, 70.0, 0.5849, 11.6667, 0.1667, 0.3333, 0.8462, 961346.5414]
[0.1818, 68.0, 0.2785, 2.0667, 0.1667, 0.6923, 0.3929, 0]
[0.2656, 70.0, 0.7442, 1.0, 0.3, 0.1053, 0.3, 2401255.5639]
[0.5333, 70.0, 70.0, 70.0, 0.1667, 0.2, 0.75, 4277492.782]
[0.1071, 5.6667, 0.15, 0.7619, 0.3929, 0.3929, 0.3929, 338444.3609]
[0.1618, 2.3846, 0.6667, 3.4, 0.6923, 0.75, 0.2353, 2038122.6316]
[2.931, 2.2143, 0.9706, 66.0, 0.1667, 0.6923, 0.1053, 2551717.3684]
[0.3462, 56.0, 0.6279, 6.75, 0.1053, 0.1053, 0.1053, 0]
[0.2857, 8.6667, 0.1744, 0.7429, 0.1667, 0.6923, 0.2353, 561887.218]
[0.3929, 8.6667, 0.0667, 1.4545, 0.3929, 0.6923, 0.3929, 1826125.188]
[0.0417, 66.0, 1.8889, 3.3, 0.3158, 0.3, 0.2353, 3428256.6917]
[74.0, 66.0, 5.5, 62.0, 0.1667, 0.2353, 0.2, 5464227.9699]
[0.1176, 60.0, 1.6316, 1.6667, 0.1053, 0.1053, 0.2353, 0]
[0.1132, 70.0, 0.3099, 1.2069, 1.3333, 0.8462, 1.3333, 5434439.2481]
[170.0, 62.0, 0.6458, 62.0, 0.6923, 0.8462, 0.3158, 1117269.9248]
[0.375, 70.0, 70.0, 70.0, 0.3, 0.3158, 1.3333, 43311.5789]
[0.4571, 60.0, 0.5357, 0.2941, 0.3929, 2.2593, 0.3929, 1980663.609]
[0.1228, 2.9167, 0.3939, 0.6458, 0.6923, 0.75, 0.2353, 340217.0677]
[0.2, 68.0, 4.4286, 62.0, 0.6923, 1.5, 0.3929, 2359369.5489]
[1.1852, 52.0, 56.0, 52.0, 0.75, 0.75, 0.3929, 0]
[0.8226, 1.1724, 66.0, 11.3333, 0.3929, 1.7857, 0.3929, 26820.7519]
[0.7, 62.0, 0.2787, 62.0, 0.1667, 0.75, 0.3929, 783843.1579]
[0.2273, 62.0, 5.6667, 66.0, 0.6923, 2.2593, 0.2353, 531299.2481]
[0.1481, 70.0, 0.7292, 64.0, 0.6923, 0.6923, 0.3, 581996.6917]
[0.0513, 15.0, 0.5263, 10.3333, 0.1667, 0.6923, 0.2353, 3123879.0977]
[0.0476, 17.0, 0.4286, 0.175, 0.1667, 0.5714, 0.3929, 4291312.2556]
[0.0444, 52.0, 0.7778, 0.3548, 0.1667, 0.6923, 0.2353, 4505857.4436]
[0.0727, 66.0, 0.1746, 0.15, 0.3929, 1.7857, 0.3929, 4043598.4962]
[0.2174, 52.0, 0.5098, 0.6364, 2.2593, 2.2593, 0.3929, 2472783.3835]
[2.7692, 17.0, 0.725, 0.2245, 0.6923, 0.3158, 0.8462, 590844.6617]
[0.7, 2.8889, 7.0, 52.0, 0.75, 0.3333, 0.75, 1011045.6391]
[0.0513, 3.6667, 0.6538, 66.0, 0.1667, 0.6923, 0.2353, 0]
[0.0968, 64.0, 1.1429, 7.0, 0.1667, 0.75, 0.2353, 5761142.9323]
[0.7391, 62.0, 0.7949, 15.5, 0.1667, 0.2353, 0.1667, 4150239.2481]
[0.4259, 15.5, 62.0, 0.1705, 0.6923, 0.3158, 0.8462, 360203.609]
[0.4, 66.0, 0.9189, 0.5741, 0.1053, 0.75, 0.1053, 0]
[0.5588, 62.0, 60.0, 62.0, 0.3, 0.1053, 0.2353, 309900.6767]
[0.7231, 1.4583, 0.9697, 11.6667, 0.5714, 0.75, 0.5714, 1511280.3008]
[0.1702, 54.0, 54.0, 52.0, 0.0769, 0.0769, 0.0769, 1391694.4361]
[0.2133, 52.0, 0.6667, 56.0, 0.3929, 0.5714, 0.3929, 345864.6617]
[0.4783, 64.0, 0.4828, 0.5932, 0.1667, 0.6923, 0.3929, 1198489.0226]
[0.1023, 62.0, 0.1705, 2.2667, 0.6923, 0.2353, 0.6923, 486696.0902]
[0.5273, 1.04, 0.587, 56.0, 0.5714, 0.75, 0.3929, 3244713.0827]
[0.197, 52.0, 0.459, 54.0, 0.1667, 0.1053, 0.5714, 295522.1805]
[0.0222, 8.0, 0.2143, 0.7442, 0.1667, 0.2353, 0.3929, 839613.3083]
[0.381, 64.0, 6.4, 64.0, 0.8462, 0.2353, 0.3929, 1771248.1203]
[0.6842, 1.3333, 0.3412, 0.875, 0.1053, 1.7857, 1.7857, 170763.7594]
[0.1111, 62.0, 66.0, 66.0, 0.1667, 0.6923, 0.2353, 398760.4511]
[0.4444, 66.0, 0.3012, 0.3053, 0.1667, 0.6923, 0.2353, 667556.9173]
[0.0556, 70.0, 0.3019, 2.5, 0.1667, 0.75, 0.3333, 492577.5188]
[0.039, 10.6667, 0.4286, 0.6, 0.1667, 0.6923, 0.2353, 0]
[0.3871, 70.0, 0.2885, 0.7442, 0.75, 2.2593, 0.2, 3562853.2331]
[1.4286, 52.0, 1.8, 8.6667, 0.3158, 0.3158, 0.3158, 252566.6165]
[0.6905, 70.0, 8.0, 70.0, 0.2353, 0.1053, 0.2353, 1155469.0226]
[0.2075, 70.0, 0.2143, 0.4156, 0.1667, 0.6923, 0.2353, 1692566.8421]
[0.0714, 70.0, 2.1875, 17.5, 0.1667, 0.3158, 0.2, 2423310.2256]
