


The DATASET for Germany is:


Gone Girl [0.0152, 48.0, 0.6667, 8.3333, 0.25, 0.0952, 0.25, 966918.7144]
Deadpool [0.0625, 52.0, 1.1905, 0.619, 0.1667, 0.3, 0.1224, 2000276.2408]
Thor: The Dark World [0.0625, 50.0, 0.9259, 48.0, 0.3, 1.0, 1.0, 1656318.633]
The Legend of Tarzan [0.01, 52.0, 0.7714, 52.0, 0.1667, 0.3, 0.0952, 463791.7006]
Star Trek Into Darkness [0.0625, 68.0, 1.4545, 2.125, 0.3, 0.8571, 0.0952, 1676713.1001]
Divergent [1, 50.0, 50.0, 52.0, 0.3, 0.25, 0.25, 578678.3564]
The Smurfs 2 [1, 64.0, 68.0, 64.0, 0.25, 0.0952, 0.0952, 1882893.572]
Big Hero 6 [1, 3.3, 68.0, 66.0, 0.1667, 0.3, 0.0952, 1197892.5956]
Transformers: Age of Extinction [0.0227, 50.0, 0.4118, 50.0, 0.1667, 0.25, 0.0952, 3114529.2107]
Suicide Squad [0.0357, 50.0, 0.2931, 68.0, 0.1667, 0.3, 2.5, 1505288.8527]
The Lone Ranger [0.0238, 1.375, 1.2692, 50.0, 8.0, 1.0, 0.6667, 879051.5053]
American Sniper [1, 50.0, 50.0, 60.0, 0.3, 0.1224, 0.3, 930598.454]
Jack the Giant Slayer [0.0179, 54.0, 62.0, 2.0, 1.0, 1.0, 1.0, 164280.5533]
Fifty Shades of Grey [0.0625, 60.0, 1.35, 0.5556, 0.3, 0.0952, 0.75, 3371086.4931]
Insurgent [0.0179, 62.0, 84.0, 2.5, 0.1667, 0.3, 0.0952, 473354.8413]
Terminator Genisys [0.0278, 5.2, 0.3939, 0.3585, 1.0, 1.0, 1.0, 735930.9194]
The Wolf of Wall Street [0.0185, 50.0, 8.3333, 68.0, 0.0952, 0.5, 0.5, 2466260.8625]
World War Z [1, 3.5556, 8.0, 66.0, 0.3, 0.1224, 0.3, 1470860.1302]
The Hobbit: The Battle of the Five Armies [1, 6.6, 1.0385, 48.0, 0.1667, 0.3, 1.0, 5897078.6819]
Exodus: Gods and Kings [0.0714, 50.0, 50.0, 52.0, 0.5, 0.8571, 0.75, 716269.1619]
The Conjuring 2 [0.0714, 3.125, 8.3333, 0.2653, 0.3, 0.1224, 0.3, 593978.8446]
The Hobbit: The Desolation of Smaug [0.0625, 66.0, 2.9091, 0.6061, 0.1667, 0.3, 1.0, 7166506.9162]
Noah [0.0556, 52.0, 0.7931, 68.0, 0.3, 0.1224, 0.25, 962497.6404]
The Croods [1, 68.0, 0.1667, 62.0, 0.3, 0.25, 0.1224, 1818155.655]
Night at the Museum: Secret of the Tomb [0.0385, 54.0, 0.675, 1.6, 0.75, 0.3, 1.0, 678397.1522]
San Andreas [1, 64.0, 1.65, 50.0, 0.25, 0.2381, 0.2381, 491213.9951]
Horrible Bosses 2 [0.0333, 52.0, 0.3714, 50.0, 1.0, 1.0, 1.0, 298933.1164]
The Great Gatsby [0.0185, 52.0, 0.4194, 50.0, 0.3, 1.0, 0.75, 1285043.1245]
Gravity [1, 1.6667, 52.0, 5.4, 0.3, 1.0, 1.0, 1415275.9154]
The Secret Life of Walter Mitty [0.0128, 60.0, 7.5, 66.0, 0.25, 0.3, 0.0952, 611991.8633]
Ant-Man [1, 68.0, 1.36, 1.04, 0.2381, 1.0, 0.2381, 481473.393]
The Judge [0.0179, 50.0, 0.619, 52.0, 0.1667, 0.75, 0.75, 25893.6534]
Olympus Has Fallen [0.125, 50.0, 50.0, 2.5, 1.0, 0.5, 0.5, 111924.3287]
Frozen [0.0132, 68.0, 0.6316, 46.0, 0.1667, 0.0952, 0.1224, 3928957.4451]
The Amazing Spider-Man 2 [0.0086, 48.0, 6.0, 62.0, 0.3, 0.3, 0.75, 1294793.572]
Star Trek Beyond [0.0833, 60.0, 7.5, 1.9167, 0.25, 1.0, 1.0, 1261640.358]
Inside Out [0.0455, 48.0, 0.4545, 68.0, 0.3, 0.1224, 1.0, 2573764.8495]
The Jungle Book [1, 66.0, 11.0, 68.0, 1.0, 1.0, 6.0, 1600651.0985]
Million Dollar Arm [0.0714, 64.0, 66.0, 52.0, 0.1667, 0.75, 0.75, 0]
The Maze Runner [0.05, 50.0, 1.9231, 48.0, 0.0952, 0.3, 0.1224, 637584.1334]
Man of Steel [1, 50.0, 46.0, 1.9231, 1.0, 0.25, 1.0, 797939.0561]
The Secret Life of Pets [0.0313, 50.0, 2.0, 1.9231, 0.1667, 0.3, 0.0952, 2826729.4548]
Batman v Superman: Dawn of Justice [1, 10.3333, 62.0, 54.0, 1.0, 0.1224, 0.1224, 1539321.5622]
The Good Dinosaur [0.025, 68.0, 0.8421, 64.0, 0.1667, 0.75, 0.75, 455689.9105]
Taken 3 [0.0077, 50.0, 0.4103, 0.4359, 0.8571, 0.3, 0.8571, 846639.9512]
Oblivion [0.025, 64.0, 0.963, 64.0, 0.25, 0.25, 0.25, 712924.8983]
The Interview [0.0313, 54.0, 3.8571, 9.0, 0.0952, 0.75, 0.0952, 150823.3523]
Jurassic World [0.0217, 66.0, 0.4151, 64.0, 0.1667, 0.25, 0.2381, 3946276.5663]
22 Jump Street [0.05, 50.0, 1.0, 0.3333, 0.2381, 0.8571, 0.75, 1205379.4955]
Now You See Me [0.0714, 50.0, 0.7813, 52.0, 0.75, 0.75, 0.75, 394213.1001]
The Wolverine [0.0065, 60.0, 0.5, 60.0, 1.0, 1.0, 1.0, 948938.4866]
Focus [1, 64.0, 0.6667, 66.0, 1.0, 1.0, 1.0, 250822.62]
Penguins of Madagascar [1, 52.0, 5.2, 52.0, 0.25, 0.25, 1.0, 1103627.2579]
Monsters University [1, 60.0, 1.7647, 60.0, 0.3, 0.25, 0.0952, 1116812.3678]
Home [0.0156, 68.0, 0.6, 11.3333, 0.1667, 0.3, 0.0952, 441476.1595]
Edge of Tomorrow [0.0313, 8.3333, 0.7857, 50.0, 0.1667, 0.3, 0.0952, 525555.1668]
Pacific Rim [0.0385, 68.0, 0.8611, 66.0, 0.1224, 0.1224, 0.1224, 520978.8446]
300: Rise of an Empire [0.0455, 62.0, 0.5263, 2.7, 0.1667, 0.3, 0.75, 1135204.6379]
Mission: Impossible - Rogue Nation [0.0385, 66.0, 1.5238, 3.0, 0.1667, 0.3, 0.25, 1079449.0643]
The Lego Movie [0.0556, 68.0, 68.0, 68.0, 1.0, 1.0, 8.0, 1072914.4833]
Pompeii [0.0156, 62.0, 0.8125, 1.0, 0.3, 0.3, 0.0952, 289432.2213]
Mad Max: Fury Road [0.05, 4.5, 1.069, 62.0, 0.3, 1.0, 0.0952, 775041.1717]
The Martian [1, 5.4, 2.7273, 60.0, 0.1667, 0.3, 0.25, 1325354.3531]
The Man from U.N.C.L.E. [0.025, 50.0, 0.7742, 6.0, 0.25, 0.25, 0.25, 163653.7836]
Dirty Grandpa [0.0192, 46.0, 0.2188, 1.0455, 0.1667, 0.3, 0.0952, 950268.9992]
X-Men: Apocalypse [0.0714, 46.0, 0.0889, 3.2, 0.1224, 0.0952, 0.0952, 732692.677]
X-Men: Days of Future Past [0.0179, 60.0, 5.1667, 7.5, 0.1667, 0.25, 1.0, 1312199.2677]
Minions [1, 60.0, 60.0, 54.0, 0.0952, 1.0, 1.0, 5141966.7209]
The Lovers [0.1667, 50.0, 4.3333, 1.3158, 0.25, 0.25, 0.0952, 0]
Despicable Me 2 [0.0294, 66.0, 0.3793, 1.7368, 0.3, 0.1224, 0.1224, 3117899.3491]
Into the Woods [1, 52.0, 1.4706, 52.0, 1.0, 1.0, 0.5, 176919.4467]
Legends of Oz: Dorothy's Return [0.0556, 66.0, 68.0, 68.0, 0.5, 0.25, 0.25, 0]
Rio 2 [0.025, 50.0, 0.3676, 0.3333, 0.2381, 0.0952, 0.75, 1395238.9748]
Escape Plan [0.0122, 4.125, 0.8571, 1.25, 0.3, 1.0, 0.0952, 188529.943]
Interstellar [0.0313, 62.0, 2.4545, 54.0, 8.0, 8.0, 6.0, 1496245.8096]
Everest [1, 46.0, 50.0, 46.0, 1.0, 8.0, 0.75, 761723.7592]
The Finest Hours [0.4167, 1.2917, 60.0, 62.0, 0.2381, 0.8571, 0.75, 2627.8275]
The Hateful Eight [0.0147, 4.3333, 0.3111, 52.0, 0.1667, 1.0, 0.75, 1078222.0504]
White House Down [0.0185, 54.0, 7.75, 60.0, 0.3, 0.8571, 0.0952, 1040359.642]
Tomorrowland [0.25, 68.0, 1.4348, 64.0, 0.1667, 0.1224, 1.0, 257348.5761]
How to Train Your Dragon 2 [0.0294, 50.0, 0.9615, 50.0, 0.1667, 0.3, 0.0952, 2185944.2636]
Iron Man 3 [0.0357, 62.0, 0.4571, 0.2308, 0.1667, 0.2381, 0.75, 1982761.8389]
Furious 7 [0.0556, 46.0, 1.1364, 0.4545, 0.1667, 0.3, 0.0952, 3479339.6257]
Captain America: Civil War [0.0139, 60.0, 0.2222, 0.8667, 0.75, 1.0, 2.5, 1771366.3954]
The Revenant [0.125, 46.0, 1.0455, 1.25, 0.25, 0.75, 0.75, 2342615.297]
Now You See Me 2 [1, 62.0, 1.2381, 0.2778, 0.3, 1.0, 0.1224, 238848.4133]
Pan [0.0263, 4.6, 50.0, 46.0, 0.75, 1.0, 0.75, 124352.6444]
13 Hours [0.0625, 60.0, 1.1923, 60.0, 0.1667, 0.3, 0.0952, 41980.6347]
Avengers: Age of Ultron [0.1, 64.0, 4.0, 11.0, 1.0, 0.3, 0.0952, 2538155.5736]
Dawn of the Planet of the Apes [0.0156, 50.0, 0.963, 50.0, 0.1667, 0.0952, 0.1667, 1473386.6558]
Ender's Game [1, 50.0, 50.0, 0.2609, 0.3, 1.0, 0.1224, 137034.8251]
Oz the Great and Powerful [0.05, 60.0, 1.069, 1.08, 0.25, 1.0, 1.0, 1238579.0887]
The Intern [1, 52.0, 50.0, 52.0, 0.25, 1.0, 0.25, 403020.8299]
Cloudy with a Chance of Meatballs 2 [1, 2.8333, 2.6667, 68.0, 0.2381, 0.2381, 1.0, 880290.1546]
The Grand Budapest Hotel [0.0172, 48.0, 48.0, 46.0, 0.5, 0.5, 0.5, 777853.9463]
Lights Out [0.0192, 46.0, 1.0417, 50.0, 0.75, 1.0, 0.75, 260374.288]
London Has Fallen [0.02, 64.0, 0.5, 0.5893, 0.1667, 0.3, 0.75, 283677.4614]
The Expendables 3 [0.0128, 54.0, 0.1795, 3.1, 0.3, 0.0952, 0.3, 583437.3474]
The Hunger Games: Mockingjay - Part 2 [0.0111, 1.7692, 0.75, 50.0, 0.2381, 1.0, 0.75, 3556322.2132]
Money Monster [0.0147, 46.0, 0.625, 48.0, 0.1667, 0.25, 0.2381, 344136.7779]
Central Intelligence [0.02, 8.0, 0.3333, 1.5238, 0.1667, 0.0952, 0.75, 686165.0936]
Lucy [0.0333, 64.0, 64.0, 64.0, 0.1224, 0.75, 0.0952, 1368297.8031]
I, Frankenstein [0.0111, 5.3333, 0.75, 1.2222, 0.25, 2.5, 0.25, 201005.533]
A Million Ways to Die in the West [0.02, 54.0, 60.0, 60.0, 0.1667, 0.3, 0.0952, 684336.371]
Fantastic Four [0.0227, 60.0, 0.3333, 0.3377, 0.1667, 0.3, 0.0952, 101419.9349]
Jupiter Ascending [0.0167, 66.0, 0.4706, 2.5385, 0.1667, 1.0, 0.6667, 398086.4931]
Fury [0.0147, 64.0, 0.8621, 0.8519, 0.1667, 0.3, 0.0952, 292336.371]
Guardians of the Galaxy [0.0192, 68.0, 0.2979, 1.5238, 0.0952, 1.0, 1.0, 2001770.4638]
Transcendence [1, 46.0, 2.6667, 46.0, 1.0, 1.0, 1.0, 359221.4809]
The Angry Birds Movie [1, 68.0, 64.0, 66.0, 0.25, 0.25, 1.0, 974340.0325]
Mr. Peabody & Sherman [0.0833, 66.0, 0.3333, 2.2857, 0.1667, 0.3, 0.0952, 695028.0716]
Captain America: The Winter Soldier [0.0385, 68.0, 3.6667, 68.0, 0.3, 0.3, 1.0, 1015226.9325]



The DATASET for United Kingdom is:


Gone Girl [0.0147, 54.0, 0.2658, 3.5, 0.1053, 0.2353, 0.1053, 2604748.9474]
Deadpool [0.4359, 10.3333, 2.8, 0.5, 0.1667, 0.6923, 0.8462, 4025423.985]
Thor: The Dark World [0.3667, 56.0, 0.4493, 3.0, 0.6923, 0.75, 0.2, 2391867.218]
The Legend of Tarzan [0.1395, 62.0, 0.3061, 62.0, 0.1667, 0.6923, 0.2353, 909774.4361]
Star Trek Into Darkness [0.1081, 70.0, 0.7857, 0.9722, 0.6923, 2.2593, 0.2353, 2959099.9248]
Divergent [0.974, 60.0, 60.0, 62.0, 0.6923, 0.1053, 0.1053, 835366.8421]
The Smurfs 2 [1.0, 64.0, 70.0, 64.0, 0.1053, 0.2353, 0.2353, 1419864.8872]
Big Hero 6 [0.3824, 2.0588, 70.0, 8.75, 0.1667, 0.6923, 0.2353, 2373333.8346]
Transformers: Age of Extinction [0.0196, 56.0, 0.1842, 3.4444, 0.1667, 0.1053, 0.2353, 2494432.4812]
Suicide Squad [0.7907, 62.0, 0.274, 70.0, 0.1667, 0.6923, 1.7857, 3293233.0827]
The Lone Ranger [0.1591, 0.8537, 0.6034, 62.0, 1.5, 1.0, 0.3333, 534530.8271]
American Sniper [0.619, 60.0, 60.0, 66.0, 0.6923, 0.8462, 0.6923, 1559093.4586]
Jack the Giant Slayer [0.0938, 62.0, 5.6667, 1.1, 0.75, 0.2, 0.75, 873060.9023]
Fifty Shades of Grey [0.1935, 66.0, 0.6744, 0.3882, 0.6923, 0.2353, 0.3929, 3879983.0075]
Insurgent [0.1159, 8.5, 84.0, 1.5, 0.1667, 0.6923, 0.2353, 892427.7444]
Terminator Genisys [0.129, 4.4286, 0.2373, 0.3538, 0.75, 0.75, 0.75, 1277038.9474]
The Wolf of Wall Street [0.075, 62.0, 0.3974, 8.75, 0.2353, 0.0769, 0.0769, 2813010.6015]
World War Z [0.4186, 2.2857, 6.4, 70.0, 0.6923, 0.8462, 0.6923, 1654857.7444]
The Hobbit: The Battle of the Five Armies [1.1739, 2.9167, 0.6522, 54.0, 0.1667, 0.6923, 0.75, 4612709.1729]
Exodus: Gods and Kings [0.1923, 9.3333, 56.0, 7.75, 0.0769, 2.2593, 0.3929, 858496.5414]
The Conjuring 2 [0.2188, 2.3077, 7.5, 0.1566, 0.6923, 0.8462, 0.6923, 1165413.5338]
The Hobbit: The Desolation of Smaug [0.0769, 17.5, 1.6, 0.4286, 0.1667, 0.6923, 0.75, 5283873.2331]
Noah [0.3269, 62.0, 0.3662, 70.0, 0.6923, 0.8462, 0.1053, 1259825.4135]
The Croods [160.0, 70.0, 0.0909, 8.5, 0.6923, 0.1053, 0.8462, 3244103.7594]
Night at the Museum: Secret of the Tomb [0.1923, 62.0, 0.5439, 3.5556, 0.3929, 0.6923, 0.75, 1333694.1353]
San Andreas [0.5106, 64.0, 0.9459, 62.0, 0.1053, 0.5714, 0.5714, 1325626.2406]
Horrible Bosses 2 [0.2353, 2.3846, 0.2373, 62.0, 0.75, 0.2, 0.2, 426645.0376]
The Great Gatsby [0.0847, 62.0, 0.5849, 60.0, 0.6923, 0.75, 0.3929, 1798927.2932]
Gravity [1.06, 1.4286, 2.2143, 1.6316, 0.6923, 0.2, 0.2, 3415970.3008]
The Secret Life of Walter Mitty [0.7551, 66.0, 6.6, 7.0, 0.1053, 0.6923, 0.2353, 822626.4662]
Ant-Man [0.5283, 70.0, 0.6731, 0.5741, 0.5714, 0.75, 0.5714, 1893999.4737]
The Judge [0.9848, 62.0, 0.3974, 62.0, 0.1667, 0.3929, 0.3929, 122031.1278]
Olympus Has Fallen [0.0217, 62.0, 60.0, 0.84, 0.3158, 1.3333, 1.3333, 717132.9323]
Frozen [2.25, 70.0, 0.3714, 52.0, 0.1667, 0.2353, 0.8462, 4867192.4812]
The Amazing Spider-Man 2 [0.1125, 54.0, 3.8571, 3.7778, 0.6923, 0.6923, 0.3929, 3042758.4962]
Star Trek Beyond [0.0889, 66.0, 1.5714, 1.0833, 0.1053, 0.75, 0.3158, 1577422.5564]
Inside Out [0.1714, 4.5, 0.3438, 70.0, 0.6923, 0.8462, 0.3158, 4468942.3308]
The Jungle Book [2.64, 70.0, 3.5, 70.0, 1.0, 0.75, 0.5882, 5007437.8195]
Million Dollar Arm [0.1714, 64.0, 70.0, 62.0, 0.1667, 0.3929, 0.3929, 36512.6316]
The Maze Runner [0.0556, 10.0, 0.5263, 13.5, 0.2353, 0.6923, 0.8462, 1047178.2707]
Man of Steel [0.2424, 56.0, 1.625, 1.3333, 0.3, 0.1053, 0.3158, 3473598.2707]
The Secret Life of Pets [0.9677, 4.6667, 0.6585, 1.3333, 0.1667, 0.6923, 0.2353, 3620234.7368]
Batman v Superman: Dawn of Justice [0.4746, 68.0, 68.0, 62.0, 0.3158, 0.8462, 0.8462, 3994598.3459]
The Good Dinosaur [0.2162, 70.0, 0.3855, 8.0, 0.1667, 0.3929, 0.3929, 1603998.1203]
Taken 3 [0.0946, 60.0, 0.2754, 0.2857, 2.2593, 0.6923, 2.2593, 2022137.9699]
Oblivion [0.1333, 64.0, 0.3611, 64.0, 0.1053, 0.1053, 0.1053, 1224145.6391]
The Interview [0.069, 62.0, 1.9375, 6.2, 0.2353, 0.3929, 0.2353, 32542.1053]
Jurassic World [0.0704, 70.0, 0.2292, 8.0, 0.1667, 0.1053, 0.5714, 7493937.5188]
22 Jump Street [0.1905, 62.0, 0.5536, 0.0517, 0.5714, 2.2593, 0.3929, 2367713.1579]
Now You See Me [0.1698, 60.0, 0.4478, 62.0, 0.3929, 0.3929, 0.3929, 1264914.6617]
The Wolverine [0.0847, 66.0, 0.2537, 66.0, 0.2, 0.75, 0.75, 1585497.594]
Focus [0.425, 64.0, 0.23, 70.0, 0.3, 0.3158, 0.3, 825031.2782]
Penguins of Madagascar [0.1685, 62.0, 2.5833, 62.0, 0.1053, 0.1053, 0.3158, 1017096.6917]
Monsters University [0.9286, 66.0, 1.5, 4.125, 0.6923, 0.1053, 0.2353, 3546341.203]
Home [0.2857, 70.0, 0.3034, 3.5, 0.1667, 0.6923, 0.2353, 2924452.4812]
Edge of Tomorrow [0.2, 5.1667, 0.4085, 62.0, 0.1667, 0.6923, 0.2353, 1000340.0]
Pacific Rim [0.3462, 70.0, 0.5849, 11.6667, 0.8462, 0.8462, 0.8462, 961346.5414]
300: Rise of an Empire [0.1818, 68.0, 0.2785, 2.0667, 0.1667, 0.6923, 0.3929, 971857.9699]
Mission: Impossible - Rogue Nation [0.2656, 70.0, 0.7442, 1.0, 0.1667, 0.6923, 0.1053, 2401255.5639]
The Lego Movie [0.5333, 70.0, 70.0, 70.0, 0.75, 0.2, 1.5, 4277492.782]
Pompeii [0.1071, 5.6667, 0.15, 0.7619, 0.6923, 0.6923, 0.2353, 338444.3609]
Mad Max: Fury Road [0.1618, 2.3846, 0.6667, 3.4, 0.6923, 0.75, 0.2353, 2038122.6316]
The Martian [2.931, 2.2143, 0.9706, 66.0, 0.1667, 0.6923, 0.1053, 2551717.3684]
The Man from U.N.C.L.E. [0.3462, 56.0, 0.6279, 6.75, 0.1053, 0.1053, 0.1053, 733601.8045]
Dirty Grandpa [0.2857, 8.6667, 0.1744, 0.7429, 0.1667, 0.6923, 0.2353, 561887.218]
X-Men: Apocalypse [0.3929, 8.6667, 0.0667, 1.4545, 0.8462, 0.2353, 0.2353, 1826125.188]
X-Men: Days of Future Past [0.0417, 66.0, 1.8889, 3.3, 0.1667, 0.1053, 0.3158, 3428256.6917]
Minions [74.0, 66.0, 5.5, 62.0, 0.2353, 0.2, 0.2, 5464227.9699]
The Lovers [0.1176, 60.0, 1.6316, 1.6667, 0.1053, 0.1053, 0.2353, 0]
Despicable Me 2 [0.1132, 70.0, 0.3099, 1.2069, 0.6923, 0.8462, 0.8462, 5434439.2481]
Into the Woods [170.0, 62.0, 0.6458, 62.0, 0.3158, 0.3, 1.3333, 1117269.9248]
Legends of Oz: Dorothy's Return [0.375, 70.0, 70.0, 70.0, 1.3333, 0.1053, 0.1053, 43311.5789]
Rio 2 [0.4571, 60.0, 0.5357, 0.2941, 0.5714, 0.2353, 0.3929, 1980663.609]
Escape Plan [0.1228, 2.9167, 0.3939, 0.6458, 0.6923, 0.75, 0.2353, 340217.0677]
Interstellar [0.2, 68.0, 4.4286, 62.0, 1.5, 1.5, 0.5882, 2359369.5489]
Everest [1.1852, 52.0, 56.0, 52.0, 0.75, 1.5, 0.3929, 1187529.4737]
The Finest Hours [0.8226, 1.1724, 66.0, 11.3333, 0.5714, 2.2593, 0.3929, 26820.7519]
The Hateful Eight [0.7, 62.0, 0.2787, 62.0, 0.1667, 0.75, 0.3929, 783843.1579]
White House Down [0.2273, 62.0, 5.6667, 66.0, 0.6923, 2.2593, 0.2353, 531299.2481]
Tomorrowland [0.1481, 70.0, 0.7292, 64.0, 0.1667, 0.8462, 0.3, 581996.6917]
How to Train Your Dragon 2 [0.0513, 15.0, 0.5263, 10.3333, 0.1667, 0.6923, 0.2353, 3123879.0977]
Iron Man 3 [0.0476, 17.0, 0.4286, 0.175, 0.1667, 0.5714, 0.3929, 4291312.2556]
Furious 7 [0.0444, 52.0, 0.7778, 0.3548, 0.1667, 0.6923, 0.2353, 4505857.4436]
Captain America: Civil War [0.0727, 66.0, 0.1746, 0.15, 0.3929, 0.75, 1.7857, 4043598.4962]
The Revenant [0.2174, 52.0, 0.5098, 0.6364, 0.1053, 0.3929, 0.3929, 2472783.3835]
Now You See Me 2 [2.7692, 17.0, 0.725, 0.2245, 0.6923, 0.3158, 0.8462, 590844.6617]
Pan [0.7, 2.8889, 7.0, 52.0, 0.3929, 0.75, 0.3929, 1011045.6391]
13 Hours [0.0513, 3.6667, 0.6538, 66.0, 0.1667, 0.6923, 0.2353, 25522.0301]
Avengers: Age of Ultron [0.0968, 64.0, 1.1429, 7.0, 0.75, 0.6923, 0.2353, 5761142.9323]
Dawn of the Planet of the Apes [0.7391, 62.0, 0.7949, 15.5, 0.1667, 0.2353, 0.1667, 4150239.2481]
Ender's Game [0.4259, 15.5, 62.0, 0.1705, 0.6923, 0.3158, 0.8462, 360203.609]
Oz the Great and Powerful [0.4, 66.0, 0.9189, 0.5741, 0.1053, 0.75, 0.75, 1758727.594]
The Intern [0.5588, 62.0, 60.0, 62.0, 0.1053, 0.3158, 0.1053, 309900.6767]
Cloudy with a Chance of Meatballs 2 [0.7231, 1.4583, 0.9697, 11.6667, 0.5714, 0.5714, 0.75, 1511280.3008]
The Grand Budapest Hotel [0.1702, 54.0, 54.0, 52.0, 0.0769, 0.0769, 0.0769, 1391694.4361]
Lights Out [0.2133, 52.0, 0.6667, 56.0, 0.3929, 0.75, 0.3929, 345864.6617]
London Has Fallen [0.4783, 64.0, 0.4828, 0.5932, 0.1667, 0.6923, 0.3929, 1198489.0226]
The Expendables 3 [0.1023, 62.0, 0.1705, 2.2667, 0.6923, 0.2353, 0.6923, 486696.0902]
The Hunger Games: Mockingjay - Part 2 [0.5273, 1.04, 0.587, 56.0, 0.5714, 0.75, 0.3929, 3244713.0827]
Money Monster [0.197, 52.0, 0.459, 54.0, 0.1667, 0.1053, 0.5714, 295522.1805]
Central Intelligence [0.0222, 8.0, 0.2143, 0.7442, 0.1667, 0.2353, 0.3929, 839613.3083]
Lucy [0.381, 64.0, 6.4, 64.0, 0.8462, 0.3929, 0.2353, 1771248.1203]
I, Frankenstein [0.6842, 1.3333, 0.3412, 0.875, 0.1053, 1.7857, 0.1053, 170763.7594]
A Million Ways to Die in the West [0.1111, 62.0, 66.0, 66.0, 0.1667, 0.6923, 0.2353, 398760.4511]
Fantastic Four [0.4444, 66.0, 0.3012, 0.3053, 0.1667, 0.6923, 0.2353, 667556.9173]
Jupiter Ascending [0.0556, 70.0, 0.3019, 2.5, 0.1667, 0.75, 0.3333, 492577.5188]
Fury [0.039, 10.6667, 0.4286, 0.6, 0.1667, 0.6923, 0.2353, 958061.8045]
Guardians of the Galaxy [0.3871, 70.0, 0.2885, 0.7442, 0.2353, 0.2, 0.2, 3562853.2331]
Transcendence [1.4286, 52.0, 1.8, 8.6667, 0.3, 0.3, 0.3158, 252566.6165]
The Angry Birds Movie [0.6905, 70.0, 8.0, 70.0, 0.1053, 0.1053, 0.3158, 1155469.0226]
Mr. Peabody & Sherman [0.2075, 70.0, 0.2143, 0.4156, 0.1667, 0.6923, 0.2353, 1692566.8421]
Captain America: The Winter Soldier [0.0714, 70.0, 2.1875, 17.5, 0.6923, 0.6923, 0.3158, 2423310.2256]



The DATASET for United States is:


Gone Girl [0.0123, 5.5, 0.2118, 6.0, 0.1667, 0.4211, 0.1667, 16776718.9]
Deadpool [0.2941, 13.5, 3.0, 0.4355, 0.25, 1.125, 1.75, 36307070.9]
Thor: The Dark World [0.2093, 24.0, 0.5192, 2.75, 1.125, 0.75, 0.25, 20636214.0]
The Legend of Tarzan [0.0941, 13.5, 0.4386, 27.0, 0.25, 1.125, 0.4211, 12664306.1]
Star Trek Into Darkness [0.0484, 54.0, 0.8621, 0.4355, 1.125, 2.5652, 0.4211, 22877866.1]
Divergent [0.9216, 52.0, 52.0, 54.0, 1.125, 0.1667, 0.1667, 15094789.5]
The Smurfs 2 [0.1333, 13.0, 54.0, 8.6667, 0.1667, 0.4211, 0.4211, 7101778.4]
Big Hero 6 [0.25, 1.0, 13.5, 13.5, 0.25, 1.125, 0.4211, 22252782.8]
Transformers: Age of Extinction [0.0167, 12.0, 0.1176, 9.0, 0.25, 0.1667, 0.4211, 24543907.6]
Suicide Squad [0.3333, 54.0, 0.2368, 54.0, 0.25, 1.125, 0.7273, 32510005.4]
The Lone Ranger [0.05, 0.4737, 0.4286, 54.0, 0.7143, 1.0, 0.2143, 8930211.5]
American Sniper [0.4118, 8.6667, 52.0, 13.5, 1.125, 1.75, 1.125, 35012637.2]
Jack the Giant Slayer [0.0714, 24.0, 13.5, 0.7941, 0.75, 0.25, 0.75, 6518760.3]
Fifty Shades of Grey [0.0952, 54.0, 0.96, 0.4909, 1.125, 0.4211, 0.8462, 16616723.0]
Insurgent [0.102, 13.5, 5.2857, 0.5909, 0.25, 1.125, 0.4211, 13017907.2]
Terminator Genisys [0.0909, 3.8571, 0.2105, 0.2632, 0.75, 0.75, 0.75, 8976095.6]
The Wolf of Wall Street [0.0417, 54.0, 1.2857, 6.75, 0.4211, 0.0909, 0.0909, 11690069.4]
World War Z [0.4483, 3.25, 8.6667, 54.0, 1.125, 1.75, 1.125, 20235971.1]
The Hobbit: The Battle of the Five Armies [1.1875, 3.8571, 0.5814, 44.0, 0.25, 1.125, 0.75, 25511978.8]
Exodus: Gods and Kings [0.1333, 8.0, 48.0, 6.75, 0.0909, 2.5652, 0.8462, 6501451.3]
The Conjuring 2 [0.2051, 3.25, 8.6667, 0.1754, 1.125, 1.75, 1.125, 10247000.8]
The Hobbit: The Desolation of Smaug [0.0588, 6.75, 1.8571, 0.3231, 0.25, 1.125, 0.75, 25836685.5]
Noah [0.2083, 54.0, 0.2561, 13.5, 1.125, 1.75, 0.1667, 10120004.4]
The Croods [2.8889, 54.0, 0.04, 13.5, 1.125, 0.1667, 1.75, 18716842.5]
Night at the Museum: Secret of the Tomb [0.0909, 48.0, 0.381, 3.7143, 0.8462, 1.125, 0.75, 11374662.1]
San Andreas [0.3846, 52.0, 0.5192, 13.5, 0.1667, 1.6667, 1.6667, 15519083.2]
Horrible Bosses 2 [0.1094, 5.4, 0.2069, 54.0, 0.75, 0.25, 0.25, 5444535.7]
The Great Gatsby [0.0366, 54.0, 0.4426, 52.0, 1.125, 0.75, 0.8462, 14484041.9]
Gravity [0.5745, 0.963, 0.931, 1.6, 1.125, 0.25, 0.25, 27409270.5]
The Secret Life of Walter Mitty [0.2987, 54.0, 2.4545, 2.0769, 0.1667, 1.125, 0.4211, 5823683.8]
Ant-Man [0.2128, 54.0, 0.4355, 0.36, 1.6667, 0.75, 1.6667, 18020216.3]
The Judge [0.5873, 27.0, 0.6, 54.0, 0.25, 0.8462, 0.8462, 4711938.8]
Olympus Has Fallen [0.01, 27.0, 6.5, 0.64, 0.1818, 1.7143, 1.7143, 9892564.0]
Frozen [1.2222, 27.0, 0.2326, 44.0, 0.25, 0.4211, 1.75, 40073800.9]
The Amazing Spider-Man 2 [0.0706, 11.0, 3.1429, 1.0, 1.125, 1.125, 0.8462, 20285393.3]
Star Trek Beyond [0.0328, 54.0, 0.5745, 0.4151, 0.1667, 0.75, 0.1818, 15884834.0]
Inside Out [0.1053, 2.4444, 0.2571, 27.0, 1.125, 1.75, 0.1818, 35646171.1]
The Jungle Book [0.5443, 54.0, 1.125, 54.0, 1.0, 0.75, 0.7143, 36400112.3]
Million Dollar Arm [0.087, 52.0, 9.0, 3.8571, 0.25, 0.8462, 0.8462, 3645762.7]
The Maze Runner [0.0256, 8.6667, 0.5098, 5.5, 0.4211, 1.125, 1.75, 10242786.2]
Man of Steel [0.1646, 48.0, 22.0, 1.0, 0.25, 0.1667, 0.1818, 29104551.8]
The Secret Life of Pets [0.4583, 3.0, 0.6471, 1.0, 0.25, 1.125, 0.4211, 36822484.0]
Batman v Superman: Dawn of Justice [0.2917, 54.0, 54.0, 48.0, 0.1818, 1.75, 1.75, 33036019.4]
The Good Dinosaur [0.2174, 54.0, 0.4483, 13.0, 0.25, 0.8462, 0.8462, 12308712.0]
Taken 3 [0.05, 52.0, 0.2179, 0.225, 2.5652, 1.125, 2.5652, 8925642.4]
Oblivion [0.0521, 13.0, 0.21, 8.6667, 0.1667, 0.1667, 0.1667, 8910723.5]
The Interview [0.0286, 24.0, 1.0909, 2.4, 0.4211, 0.8462, 0.4211, 610517.5]
Jurassic World [0.0508, 27.0, 0.2308, 8.6667, 0.25, 0.1667, 1.6667, 65227062.5]
22 Jump Street [0.1026, 54.0, 0.3506, 0.02, 1.6667, 2.5652, 0.8462, 19171933.7]
Now You See Me [0.0877, 52.0, 0.4561, 13.5, 0.8462, 0.8462, 0.8462, 11772398.9]
The Wolverine [0.0517, 54.0, 0.175, 27.0, 0.25, 0.75, 0.75, 13255685.2]
Focus [0.2, 52.0, 0.3333, 13.5, 0.25, 0.1818, 0.25, 5386296.3]
Penguins of Madagascar [0.119, 54.0, 1.6875, 54.0, 0.1667, 0.1667, 0.1818, 8335091.1]
Monsters University [0.2347, 6.75, 1.35, 1.6875, 1.125, 0.1667, 0.4211, 26849276.4]
Home [0.1852, 54.0, 0.2234, 9.0, 0.25, 1.125, 0.4211, 17739751.0]
Edge of Tomorrow [0.1053, 2.4545, 0.2727, 54.0, 0.25, 1.125, 0.4211, 10020625.6]
Pacific Rim [0.2727, 54.0, 0.5435, 13.5, 1.75, 1.75, 1.75, 10180290.6]
300: Rise of an Empire [0.0909, 54.0, 0.1771, 1.2632, 0.25, 1.125, 0.8462, 10658005.1]
Mission: Impossible - Rogue Nation [0.1897, 27.0, 0.4194, 0.3649, 0.25, 1.125, 0.1667, 19504237.7]
The Lego Movie [0.3333, 54.0, 27.0, 54.0, 0.75, 0.25, 0.7143, 25776069.2]
Pompeii [0.0645, 3.0, 0.3529, 0.5417, 1.125, 1.125, 0.4211, 2321974.8]
Mad Max: Fury Road [0.0787, 3.4286, 0.4355, 1.1739, 1.125, 0.75, 0.4211, 15363635.4]
The Martian [1.275, 4.8, 1.08, 27.0, 0.25, 1.125, 0.1667, 22843366.3]
The Man from U.N.C.L.E. [0.3333, 48.0, 0.5238, 3.1429, 0.1667, 0.1667, 0.1667, 4544510.9]
Dirty Grandpa [0.2059, 5.5, 0.1585, 1.1, 0.25, 1.125, 0.4211, 3559311.3]
X-Men: Apocalypse [0.2258, 5.5, 0.046, 1.2381, 1.75, 0.4211, 0.4211, 15544248.9]
X-Men: Days of Future Past [0.0526, 54.0, 0.9, 1.125, 0.25, 0.1667, 0.1818, 23392153.4]
Minions [5.5, 54.0, 13.5, 48.0, 0.4211, 0.25, 0.25, 33604577.0]
The Lovers [0.069, 52.0, 0.8438, 0.7879, 0.1667, 0.1667, 0.4211, 0]
Despicable Me 2 [0.0455, 27.0, 0.2609, 0.6585, 1.125, 1.75, 1.75, 36806126.5]
Into the Woods [7.0, 27.0, 0.36, 27.0, 0.1818, 0.25, 1.7143, 12800237.2]
Legends of Oz: Dorothy's Return [0.2, 54.0, 13.5, 13.5, 1.7143, 0.1667, 0.1667, 846202.7]
Rio 2 [0.4762, 52.0, 0.4063, 0.2778, 1.6667, 0.4211, 0.8462, 13153843.5]
Escape Plan [0.0758, 2.4545, 0.2041, 0.4528, 1.125, 0.75, 0.4211, 2513596.5]
Interstellar [0.1818, 54.0, 0.6667, 12.0, 0.7143, 0.7143, 0.7143, 18802001.7]
Everest [0.4259, 44.0, 24.0, 44.0, 0.75, 0.7143, 0.8462, 4348227.0]
The Finest Hours [0.6667, 0.7297, 54.0, 3.8571, 1.6667, 2.5652, 0.8462, 2756955.8]
The Hateful Eight [0.3333, 27.0, 0.1807, 54.0, 0.25, 0.75, 0.8462, 5411741.6]
White House Down [0.125, 12.0, 2.4545, 54.0, 1.125, 2.5652, 0.4211, 7310378.4]
Tomorrowland [0.0667, 54.0, 1.0, 8.6667, 0.25, 1.75, 0.25, 9343632.2]
How to Train Your Dragon 2 [0.0217, 8.6667, 0.3881, 4.5, 0.25, 1.125, 0.4211, 17700292.4]
Iron Man 3 [0.0556, 13.5, 0.6818, 0.125, 0.25, 1.6667, 0.8462, 40901399.4]
Furious 7 [0.0147, 22.0, 0.5217, 0.2727, 0.25, 1.125, 0.4211, 35300702.0]
Captain America: Civil War [0.0462, 54.0, 0.1364, 0.3333, 0.8462, 0.75, 0.7273, 40808434.9]
The Revenant [0.1579, 44.0, 0.6667, 0.3692, 0.1667, 0.8462, 0.8462, 18363789.4]
Now You See Me 2 [1.0, 13.5, 0.697, 0.375, 1.125, 0.1818, 1.75, 6507554.0]
Pan [0.2, 1.4667, 24.0, 22.0, 0.8462, 0.75, 0.8462, 3508832.0]
13 Hours [0.0256, 2.4545, 0.4219, 27.0, 0.25, 1.125, 0.4211, 5285321.9]
Avengers: Age of Ultron [0.087, 52.0, 1.4444, 1.5, 0.75, 1.125, 0.4211, 45900586.8]
Dawn of the Planet of the Apes [0.2, 54.0, 0.7105, 5.4, 0.25, 0.4211, 0.25, 20854558.9]
Ender's Game [0.1646, 9.0, 54.0, 0.194, 1.125, 0.1818, 1.75, 6173719.1]
Oz the Great and Powerful [0.1765, 13.5, 0.7105, 0.4068, 0.1667, 0.75, 0.75, 23491182.5]
The Intern [0.2703, 27.0, 5.2, 54.0, 0.1667, 0.1818, 0.1667, 7576467.2]
Cloudy with a Chance of Meatballs 2 [0.6889, 0.871, 0.4333, 27.0, 1.6667, 1.6667, 0.75, 11979356.7]
The Grand Budapest Hotel [0.0732, 44.0, 11.0, 44.0, 0.0909, 0.0909, 0.0909, 5930132.4]
Lights Out [0.2667, 44.0, 1.0, 12.0, 0.8462, 0.75, 0.8462, 6726883.5]
London Has Fallen [0.3333, 26.0, 0.7333, 0.4576, 0.25, 1.125, 0.8462, 6252426.0]
The Expendables 3 [0.0674, 24.0, 0.129, 1.5, 1.125, 0.4211, 1.125, 3932254.4]
The Hunger Games: Mockingjay - Part 2 [0.2716, 1.1579, 0.449, 48.0, 1.6667, 0.75, 0.8462, 28172390.2]
Money Monster [0.122, 44.0, 0.338, 44.0, 0.25, 0.1667, 1.6667, 4101207.5]
Central Intelligence [0.0204, 8.6667, 0.1538, 0.4194, 0.25, 0.4211, 0.8462, 12744087.1]
Lucy [0.2778, 52.0, 13.0, 52.0, 1.75, 0.8462, 0.4211, 12666360.0]
I, Frankenstein [0.4906, 0.8667, 0.4127, 0.54, 0.1667, 0.7273, 0.1667, 1907529.0]
A Million Ways to Die in the West [0.0506, 8.0, 27.0, 54.0, 0.25, 1.125, 0.4211, 4313930.0]
Fantastic Four [0.2632, 13.5, 0.2405, 0.2771, 0.25, 1.125, 0.4211, 5611754.8]
Jupiter Ascending [0.0267, 27.0, 0.2131, 1.35, 0.25, 0.75, 0.2143, 4738772.3]
Fury [0.0202, 6.5, 0.2222, 0.4043, 0.25, 1.125, 0.4211, 8581790.6]
Guardians of the Galaxy [0.2667, 54.0, 0.22, 0.4194, 0.4211, 0.25, 0.25, 33317660.0]
Transcendence [0.6286, 44.0, 1.2222, 3.1429, 0.25, 0.25, 0.1818, 2302230.9]
The Angry Birds Movie [0.3214, 54.0, 3.7143, 54.0, 0.1667, 0.1667, 0.1818, 10750936.6]
Mr. Peabody & Sherman [0.1429, 27.0, 0.1538, 0.5778, 0.25, 1.125, 0.4211, 11150643.0]
Captain America: The Winter Soldier [0.0263, 54.0, 1.4211, 13.5, 1.125, 1.125, 0.1818, 25976657.2]



The DATASET for Mexico is:


Gone Girl [0.005, 82.0, 0.7021, 90.0, 0.5, 0.0625, 0.5, 765438.4444]
Deadpool [0.0185, 92.0, 9.0, 0.8364, 0.05, 0.5, 6.0, 4145148.6667]
Thor: The Dark World [0.0357, 90.0, 4.4, 5.8571, 0.5, 0.0, 0.5, 5301675.5556]
The Legend of Tarzan [0.0333, 92.0, 3.0714, 92.0, 0.05, 0.5, 0.0625, 3088888.8889]
Star Trek Into Darkness [0.0625, 102.0, 2.0, 1.5, 0.5, 18.0, 0.0625, 1505595.5556]
Divergent [1, 90.0, 90.0, 92.0, 0.5, 0.5, 0.5, 1732689.1111]
The Smurfs 2 [0.05, 98.0, 102.0, 98.0, 0.5, 0.0625, 0.0625, 2667323.3333]
Big Hero 6 [0.0556, 4.3333, 102.0, 104.0, 0.05, 0.5, 0.0625, 3775431.3333]
Transformers: Age of Extinction [0.0132, 90.0, 0.2791, 88.0, 0.05, 0.5, 0.0625, 7452132.8889]
Suicide Squad [1, 88.0, 0.4366, 102.0, 0.05, 0.5, 14.0, 6133333.3333]
The Lone Ranger [0.0417, 1.5758, 1.625, 88.0, 4.0, 1.0, 0.5, 2229955.1111]
American Sniper [1, 90.0, 90.0, 94.0, 0.5, 6.0, 0.5, 1748937.1111]
Jack the Giant Slayer [0.0714, 88.0, 100.0, 2.1364, 0.0, 0.5, 0.0, 3003920.4444]
Fifty Shades of Grey [0.1, 94.0, 2.2778, 1.0217, 0.5, 0.0625, 1.0, 3144197.3333]
Insurgent [0.0625, 100.0, 128.0, 4.0909, 0.05, 0.5, 0.0625, 2064207.1111]
Terminator Genisys [0.05, 92.0, 0.6061, 0.5323, 0.0, 0.0, 0.0, 2481695.7778]
The Wolf of Wall Street [0.05, 88.0, 88.0, 102.0, 0.0625, 0.5, 0.5, 1268088.4444]
World War Z [1, 98.0, 98.0, 104.0, 0.5, 6.0, 0.5, 5218148.8889]
The Hobbit: The Battle of the Five Armies [1, 104.0, 1.5357, 82.0, 0.05, 0.5, 0.0, 0]
Exodus: Gods and Kings [0.0313, 11.25, 90.0, 92.0, 0.5, 18.0, 1.0, 0]
The Conjuring 2 [0.0357, 90.0, 90.0, 0.2597, 0.5, 6.0, 0.5, 4539035.3333]
The Hobbit: The Desolation of Smaug [0.125, 104.0, 3.5, 0.9487, 0.05, 0.5, 0.0, 4087664.4444]
Noah [0.0263, 92.0, 0.76, 102.0, 0.5, 6.0, 0.5, 3497009.5556]
The Croods [1, 102.0, 0.1429, 100.0, 0.5, 0.5, 6.0, 6151656.0]
Night at the Museum: Secret of the Tomb [0.0152, 88.0, 1.6296, 98.0, 1.0, 0.5, 0.0, 0]
San Andreas [1, 98.0, 3.7143, 88.0, 0.5, 4.0, 4.0, 6321304.6667]
Horrible Bosses 2 [0.0333, 92.0, 0.6563, 88.0, 0.0, 0.5, 0.5, 0]
The Great Gatsby [0.0109, 92.0, 1.6429, 90.0, 0.5, 0.0, 1.0, 1178520.4444]
Gravity [1, 3.2143, 92.0, 8.8, 0.5, 0.5, 0.5, 3946556.2222]
The Secret Life of Walter Mitty [0.0104, 94.0, 94.0, 104.0, 0.5, 0.5, 0.0625, 1459395.5556]
Ant-Man [1, 102.0, 0.85, 1.7692, 4.0, 0.0, 4.0, 3355555.5556]
The Judge [1, 88.0, 2.0909, 92.0, 0.05, 1.0, 1.0, 632084.4444]
Olympus Has Fallen [0.0076, 88.0, 90.0, 1.28, 0.5, 1.0, 1.0, 578533.1111]
Frozen [1, 102.0, 0.6129, 82.0, 0.05, 0.0625, 6.0, 5718267.1111]
The Amazing Spider-Man 2 [0.0455, 82.0, 82.0, 100.0, 0.5, 0.5, 1.0, 6324563.1111]
Star Trek Beyond [0.0455, 94.0, 94.0, 4.1, 0.5, 0.0, 0.5, 596454.4444]
Inside Out [0.0417, 82.0, 0.17, 102.0, 0.5, 6.0, 0.5, 6911111.1111]
The Jungle Book [1, 104.0, 8.6667, 102.0, 1.0, 0.0, 4.0, 5411433.1111]
Million Dollar Arm [0.025, 98.0, 7.4286, 92.0, 0.05, 1.0, 1.0, 36304.8889]
The Maze Runner [0.0357, 90.0, 1.0714, 82.0, 0.0625, 0.5, 6.0, 2228458.6667]
Man of Steel [0.0217, 90.0, 82.0, 2.1429, 0.5, 0.5, 0.5, 4694975.1111]
The Secret Life of Pets [0.0167, 6.4286, 1.1081, 2.1429, 0.05, 0.5, 0.0625, 5020000.0]
Batman v Superman: Dawn of Justice [1, 100.0, 100.0, 88.0, 0.5, 6.0, 6.0, 8044444.4444]
The Good Dinosaur [0.05, 102.0, 1.8148, 98.0, 0.05, 1.0, 1.0, 2945171.1111]
Taken 3 [0.0106, 90.0, 0.6304, 0.617, 18.0, 0.5, 18.0, 2079517.3333]
Oblivion [0.0357, 98.0, 0.9756, 98.0, 0.5, 0.5, 0.5, 1673035.7778]
The Interview [0.0179, 88.0, 2.4444, 88.0, 0.0625, 1.0, 0.0625, 28613.1111]
Jurassic World [0.0455, 104.0, 1.1379, 98.0, 0.05, 0.5, 4.0, 9356756.4444]
22 Jump Street [0.05, 88.0, 1.76, 1.0, 4.0, 18.0, 1.0, 470180.2222]
Now You See Me [0.0238, 90.0, 1.2162, 92.0, 1.0, 1.0, 1.0, 3088293.7778]
The Wolverine [0.0132, 94.0, 0.4615, 94.0, 0.5, 0.0, 0.0, 3782546.6667]
Focus [1, 98.0, 2.9167, 104.0, 0.5, 0.5, 0.5, 1869049.7778]
Penguins of Madagascar [0.005, 92.0, 9.2, 92.0, 0.5, 0.5, 0.5, 4139751.1111]
Monsters University [1, 94.0, 5.875, 94.0, 0.5, 0.5, 0.0625, 8357338.0]
Home [0.0417, 102.0, 0.7193, 102.0, 0.05, 0.5, 0.0625, 2467059.7778]
Edge of Tomorrow [0.0263, 1.1579, 1.0244, 88.0, 0.05, 0.5, 0.0625, 1778056.6667]
Pacific Rim [0.0455, 102.0, 0.8276, 104.0, 6.0, 6.0, 6.0, 3581193.1111]
300: Rise of an Empire [0.0417, 100.0, 0.6531, 4.4, 0.05, 0.5, 1.0, 3309490.6667]
Mission: Impossible - Rogue Nation [1, 104.0, 2.1304, 4.7273, 0.05, 0.5, 0.5, 2678632.2222]
The Lego Movie [0.0625, 102.0, 102.0, 102.0, 0.0, 0.5, 4.0, 2223251.7778]
Pompeii [0.025, 100.0, 1.2353, 1.3143, 0.5, 0.5, 0.0625, 920389.7778]
Mad Max: Fury Road [0.0278, 88.0, 2.0, 100.0, 0.5, 0.0, 0.0625, 1757681.5556]
The Martian [1, 88.0, 2.2381, 94.0, 0.05, 0.5, 0.5, 1724256.8889]
The Man from U.N.C.L.E. [0.0556, 90.0, 0.9762, 6.8333, 0.5, 0.5, 0.5, 443795.1111]
Dirty Grandpa [0.0172, 82.0, 0.2875, 2.05, 0.05, 0.5, 0.0625, 706610.2222]
X-Men: Apocalypse [0.0192, 82.0, 0.0986, 8.1667, 6.0, 0.0625, 0.0625, 3957212.4444]
X-Men: Days of Future Past [0.006, 94.0, 5.5556, 7.8333, 0.05, 0.5, 0.5, 5462658.4444]
Minions [1, 94.0, 94.0, 88.0, 0.0625, 0.5, 0.5, 9757802.0]
The Lovers [0.125, 90.0, 6.5714, 0.4592, 0.5, 0.5, 0.0625, 0]
Despicable Me 2 [0.0417, 104.0, 0.5738, 2.0, 0.5, 6.0, 6.0, 10600525.3333]
Into the Woods [1, 92.0, 0.7333, 92.0, 0.5, 0.5, 1.0, 1033424.8889]
Legends of Oz: Dorothy's Return [0.0068, 104.0, 102.0, 102.0, 1.0, 0.5, 0.5, 0]
Rio 2 [0.0313, 90.0, 0.9, 0.5833, 4.0, 0.0625, 1.0, 6867991.5556]
Escape Plan [0.0294, 5.2, 1.2667, 0.8846, 0.5, 0.0, 0.0625, 119538.4444]
Interstellar [0.0263, 100.0, 88.0, 88.0, 4.0, 4.0, 4.0, 1286078.8889]
Everest [1, 82.0, 90.0, 82.0, 0.0, 4.0, 1.0, 1829404.0]
The Finest Hours [1.0588, 2.7778, 94.0, 100.0, 4.0, 18.0, 1.0, 193851.1111]
The Hateful Eight [1, 92.0, 1.25, 92.0, 0.05, 0.0, 1.0, 163081.1111]
White House Down [0.0156, 88.0, 100.0, 94.0, 0.5, 18.0, 0.0625, 1134566.2222]
Tomorrowland [0.125, 102.0, 3.0588, 98.0, 0.05, 6.0, 0.5, 1260267.5556]
How to Train Your Dragon 2 [0.0063, 90.0, 0.625, 88.0, 0.05, 0.5, 0.0625, 4431391.5556]
Iron Man 3 [0.1, 100.0, 0.963, 0.2857, 0.05, 4.0, 1.0, 10792525.5556]
Furious 7 [0.05, 82.0, 0.5921, 0.1735, 0.05, 0.5, 0.0625, 11484897.5556]
Captain America: Civil War [0.0167, 94.0, 0.2712, 1.2353, 1.0, 0.0, 14.0, 9204522.2222]
The Revenant [0.05, 82.0, 1.3226, 1.5, 0.5, 1.0, 1.0, 2879560.6667]
Now You See Me 2 [1, 100.0, 1.2286, 0.2667, 0.5, 0.5, 6.0, 2405158.6667]
Pan [1, 10.25, 90.0, 82.0, 1.0, 0.0, 1.0, 1617963.5556]
13 Hours [0.02, 94.0, 0.6757, 94.0, 0.05, 0.5, 0.0625, 71836.2222]
Avengers: Age of Ultron [0.0556, 98.0, 4.9, 104.0, 0.0, 0.5, 0.0625, 11320096.2222]
Dawn of the Planet of the Apes [1, 88.0, 3.5385, 88.0, 0.05, 0.0625, 0.05, 5462063.3333]
Ender's Game [1, 88.0, 88.0, 0.6111, 0.5, 0.5, 6.0, 672936.0]
Oz the Great and Powerful [0.1, 94.0, 1.4286, 0.6984, 0.5, 0.0, 0.0, 3412479.7778]
The Intern [1, 92.0, 90.0, 92.0, 0.5, 0.5, 0.5, 1320148.8889]
Cloudy with a Chance of Meatballs 2 [1, 5.6667, 5.4444, 102.0, 4.0, 4.0, 0.0, 2018802.0]
The Grand Budapest Hotel [0.0333, 82.0, 82.0, 82.0, 0.5, 0.5, 0.5, 364028.2222]
Lights Out [0.0385, 82.0, 3.0, 90.0, 1.0, 0.0, 1.0, 1222222.2222]
London Has Fallen [0.05, 98.0, 1.2353, 1.1556, 0.05, 0.5, 1.0, 914303.7778]
The Expendables 3 [0.0068, 88.0, 0.3014, 6.25, 0.5, 0.0625, 0.5, 1276972.6667]
The Hunger Games: Mockingjay - Part 2 [0.0217, 3.7273, 1.0513, 90.0, 4.0, 0.0, 1.0, 4479174.4444]
Money Monster [0.0333, 82.0, 1.8, 82.0, 0.05, 0.5, 4.0, 398741.7778]
Central Intelligence [0.0147, 98.0, 0.2581, 2.1304, 0.05, 0.0625, 1.0, 1160498.6667]
Lucy [0.0227, 98.0, 98.0, 98.0, 6.0, 1.0, 0.0625, 2806485.3333]
I, Frankenstein [1, 9.8, 1.5667, 1.625, 0.5, 14.0, 0.5, 1197307.7778]
A Million Ways to Die in the West [0.0278, 88.0, 94.0, 94.0, 0.05, 0.5, 0.0625, 234916.6667]
Fantastic Four [1, 94.0, 0.8537, 0.7241, 0.05, 0.5, 0.0625, 2275572.4444]
Jupiter Ascending [0.02, 104.0, 0.4808, 1.5758, 0.05, 0.0, 0.5, 850303.5556]
Fury [0.0313, 98.0, 1.0789, 0.7826, 0.05, 0.5, 0.0625, 1263821.1111]
Guardians of the Galaxy [0.0455, 102.0, 0.4889, 2.1304, 0.0625, 0.5, 0.5, 4366342.6667]
Transcendence [0.025, 82.0, 10.25, 82.0, 0.5, 0.5, 0.5, 653246.0]
The Angry Birds Movie [0.0167, 102.0, 98.0, 104.0, 0.5, 0.5, 0.5, 1559230.2222]
Mr. Peabody & Sherman [0.0263, 104.0, 0.2581, 1.1951, 0.05, 0.5, 0.0625, 1853880.4444]
Captain America: The Winter Soldier [0.0625, 102.0, 2.08, 102.0, 0.5, 0.5, 0.5, 5715618.2222]



The DATASET for France is:


Gone Girl [0.0096, 114.0, 1.303, 14.75, 2.0, 3.0, 2.0, 1203094.467]
Deadpool [1, 116.0, 9.8333, 0.8406, 0.25, 1.1667, 10.3333, 2364385.8421]
Thor: The Dark World [1, 118.0, 4.1429, 9.5, 1.1667, 8.0, 4.0, 1813595.7689]
The Legend of Tarzan [0.0152, 116.0, 3.3333, 116.0, 0.25, 1.1667, 3.0, 927583.4011]
Star Trek Into Darkness [0.0455, 158.0, 3.125, 2.1944, 1.1667, 176.0, 3.0, 655396.0944]
Divergent [1, 110.0, 110.0, 116.0, 1.1667, 2.0, 2.0, 1010473.4744]
The Smurfs 2 [1, 152.0, 158.0, 152.0, 2.0, 3.0, 3.0, 1581319.284]
Big Hero 6 [1, 9.625, 158.0, 154.0, 0.25, 1.1667, 3.0, 915664.0358]
Transformers: Age of Extinction [0.025, 118.0, 0.64, 116.0, 0.25, 2.0, 3.0, 1703828.153]
Suicide Squad [0.0294, 116.0, 0.619, 158.0, 0.25, 1.1667, 14.4, 1578519.1212]
The Lone Ranger [0.0106, 1.6383, 1.4528, 116.0, 44.0, 1.0, 8.0, 835230.2685]
American Sniper [1, 110.0, 110.0, 124.0, 1.1667, 10.3333, 1.1667, 1730952]
Jack the Giant Slayer [0.0625, 116.0, 120.0, 1.8788, 8.0, 4.0, 8.0, 370417.3312]
Fifty Shades of Grey [0.0833, 124.0, 2.16, 0.9394, 1.1667, 3.0, 8.0, 2334553.9463]
Insurgent [0.0111, 120.0, 198.0, 5.5, 0.25, 1.1667, 3.0, 1371285.1912]
Terminator Genisys [0.1, 7.25, 0.9394, 0.6143, 8.0, 8.0, 8.0, 945651.8308]
The Wolf of Wall Street [0.0147, 116.0, 9.6667, 158.0, 3.0, 1.0, 1.0, 2151757.4451]
World War Z [1, 8.4444, 152.0, 154.0, 1.1667, 10.3333, 1.1667, 1783343.8568]
The Hobbit: The Battle of the Five Armies [1, 6.4167, 2.4, 114.0, 0.25, 1.1667, 8.0, 3594049]
Exodus: Gods and Kings [0.0455, 19.6667, 118.0, 116.0, 1.0, 176.0, 8.0, 1106118.9585]
The Conjuring 2 [0.0714, 6.875, 110.0, 0.5962, 1.1667, 10.3333, 1.1667, 911310.0081]
The Hobbit: The Desolation of Smaug [0.0385, 154.0, 5.8462, 2.1429, 0.25, 1.1667, 8.0, 3639049.9593]
Noah [0.0417, 116.0, 1.5152, 158.0, 1.1667, 10.3333, 2.0, 930570.952]
The Croods [1, 158.0, 0.4074, 10.0, 1.1667, 2.0, 10.3333, 1717087.7136]
Night at the Museum: Secret of the Tomb [0.0227, 116.0, 1.7059, 19.0, 8.0, 1.1667, 8.0, 907822.2132]
San Andreas [1, 152.0, 3.6667, 116.0, 2.0, 1.0435, 1.0435, 716159]
Horrible Bosses 2 [0.0625, 116.0, 0.9032, 116.0, 8.0, 4.0, 4.0, 167481]
The Great Gatsby [0.0104, 116.0, 1.0943, 110.0, 1.1667, 8.0, 8.0, 1146367.86]
Gravity [1, 4.2308, 116.0, 9.6667, 1.1667, 4.0, 4.0, 3111402.1155]
The Secret Life of Walter Mitty [0.0072, 124.0, 124.0, 154.0, 2.0, 1.1667, 3.0, 683738.2425]
Ant-Man [0.0333, 158.0, 2.5484, 2.0714, 1.0435, 8.0, 1.0435, 1082180.6347]
The Judge [1, 116.0, 3.625, 116.0, 0.25, 8.0, 8.0, 70599.6745]
Olympus Has Fallen [0.1667, 116.0, 110.0, 4.2727, 9.0, 4.25, 4.25, 215437.1847]
Frozen [0.0135, 158.0, 1.7059, 108.0, 0.25, 3.0, 10.3333, 3819605.6143]
The Amazing Spider-Man 2 [0.0833, 114.0, 9.5, 120.0, 1.1667, 1.1667, 8.0, 1850136.4524]
Star Trek Beyond [0.1, 124.0, 15.5, 6.0, 2.0, 8.0, 9.0, 473165.3377]
Inside Out [1, 114.0, 0.6765, 158.0, 1.1667, 10.3333, 9.0, 2327095.1993]
The Jungle Book [1, 154.0, 154.0, 158.0, 1.0, 8.0, 30.0, 2279202.6037]
Million Dollar Arm [0.0417, 152.0, 25.6667, 116.0, 0.25, 8.0, 8.0, 0]
The Maze Runner [0.0227, 18.3333, 2.619, 114.0, 3.0, 1.1667, 10.3333, 2006224.3287]
Man of Steel [1, 118.0, 108.0, 3.4706, 4.0, 2.0, 9.0, 1701742.2295]
The Secret Life of Pets [1, 14.75, 2.85, 3.4706, 0.25, 1.1667, 3.0, 2094604.3124]
Batman v Superman: Dawn of Justice [1, 120.0, 120.0, 116.0, 9.0, 10.3333, 10.3333, 1734712.4491]
The Good Dinosaur [0.01, 158.0, 2.375, 152.0, 0.25, 8.0, 8.0, 1468729.5362]
Taken 3 [0.0067, 110.0, 0.8571, 0.8837, 176.0, 1.1667, 176.0, 1562729.6176]
Oblivion [0.0357, 152.0, 1.8235, 152.0, 2.0, 2.0, 2.0, 905291.4565]
The Interview [0.0192, 116.0, 5.2727, 116.0, 3.0, 8.0, 3.0, 22539.7071]
Jurassic World [0.0238, 154.0, 2.3636, 152.0, 0.25, 2.0, 1.0435, 3359215.4597]
22 Jump Street [0.0833, 116.0, 2.0714, 1.25, 1.0435, 176.0, 8.0, 372072.4166]
Now You See Me [0.0556, 110.0, 1.375, 116.0, 8.0, 8.0, 8.0, 2092792.026]
The Wolverine [0.025, 124.0, 0.7619, 124.0, 4.0, 8.0, 8.0, 1487890.8055]
Focus [1, 152.0, 3.0588, 154.0, 4.0, 9.0, 4.0, 434153]
Penguins of Madagascar [1, 116.0, 19.3333, 116.0, 2.0, 2.0, 9.0, 1360086.7372]
Monsters University [1, 124.0, 6.8889, 124.0, 1.1667, 2.0, 3.0, 1451209.4386]
Home [0.0083, 158.0, 1.1887, 158.0, 0.25, 1.1667, 3.0, 595393.6534]
Edge of Tomorrow [0.0179, 7.25, 2.3333, 116.0, 0.25, 1.1667, 3.0, 877421.1554]
Pacific Rim [0.125, 158.0, 0.9487, 154.0, 10.3333, 10.3333, 10.3333, 722054.3531]
300: Rise of an Empire [0.0238, 120.0, 0.7308, 7.25, 0.25, 1.1667, 8.0, 1163534.9878]
Mission: Impossible - Rogue Nation [1, 154.0, 2.9231, 12.8333, 0.25, 1.1667, 2.0, 1739265.8259]
The Lego Movie [0.0263, 158.0, 158.0, 158.0, 8.0, 4.0, 44.0, 947846.3792]
Pompeii [0.0106, 20.0, 1.3, 1.0526, 1.1667, 1.1667, 3.0, 493340.7648]
Mad Max: Fury Road [0.0714, 4.8333, 1.5, 120.0, 1.1667, 8.0, 3.0, 1475004]
The Martian [1, 9.6667, 4.1333, 124.0, 0.25, 1.1667, 2.0, 1613303.6615]
The Man from U.N.C.L.E. [0.125, 118.0, 1.9, 19.0, 2.0, 2.0, 2.0, 194896]
Dirty Grandpa [0.0147, 108.0, 0.6957, 3.0, 0.25, 1.1667, 3.0, 126724.8169]
X-Men: Apocalypse [0.0111, 108.0, 0.2683, 7.6, 10.3333, 3.0, 3.0, 1315276.5663]
X-Men: Days of Future Past [0.0156, 124.0, 7.5, 20.6667, 0.25, 2.0, 9.0, 2412539.8698]
Minions [1, 124.0, 124.0, 116.0, 3.0, 4.0, 4.0, 3579449.8779]
The Lovers [1, 110.0, 14.5, 18.3333, 2.0, 2.0, 3.0, 0]
Despicable Me 2 [0.0357, 154.0, 0.8983, 2.75, 1.1667, 10.3333, 10.3333, 3325986.6558]
Into the Woods [1, 116.0, 1.2609, 116.0, 9.0, 4.0, 4.25, 112359.2352]
Legends of Oz: Dorothy's Return [0.0152, 154.0, 158.0, 158.0, 4.25, 2.0, 2.0, 0]
Rio 2 [0.0556, 110.0, 1.0377, 1.1111, 1.0435, 3.0, 8.0, 1946128.3157]
Escape Plan [0.0082, 5.9231, 1.6286, 2.6923, 1.1667, 8.0, 3.0, 325032.0586]
Interstellar [0.0217, 120.0, 116.0, 19.3333, 44.0, 44.0, 30.0, 1578810]
Everest [0.0263, 108.0, 118.0, 108.0, 8.0, 44.0, 8.0, 573691.0496]
The Finest Hours [1.5, 4.6154, 124.0, 120.0, 1.0435, 176.0, 8.0, 24457.0382]
The Hateful Eight [0.0161, 116.0, 1.6842, 116.0, 0.25, 8.0, 8.0, 1007131.8959]
White House Down [0.02, 116.0, 120.0, 124.0, 1.1667, 176.0, 3.0, 392627.1766]
Tomorrowland [0.25, 158.0, 5.5, 152.0, 0.25, 10.3333, 4.0, 531805.6143]
How to Train Your Dragon 2 [0.0147, 110.0, 1.5714, 116.0, 0.25, 1.1667, 3.0, 2042135.9642]
Iron Man 3 [0.0208, 120.0, 0.825, 0.4444, 0.25, 1.0435, 8.0, 3170240.6835]
Furious 7 [0.0217, 108.0, 2.2692, 0.6667, 0.25, 1.1667, 3.0, 2544247.2742]
Captain America: Civil War [0.0079, 124.0, 0.55, 1.2273, 8.0, 8.0, 14.4, 1889263.7917]
The Revenant [0.1667, 108.0, 1.6364, 1.9032, 2.0, 8.0, 8.0, 2297653.5395]
Now You See Me 2 [1, 120.0, 1.6452, 0.5405, 1.1667, 9.0, 10.3333, 1225249.1456]
Pan [0.0143, 13.5, 118.0, 108.0, 8.0, 8.0, 8.0, 416688]
13 Hours [0.125, 124.0, 1.7647, 124.0, 0.25, 1.1667, 3.0, 55427.9902]
Avengers: Age of Ultron [0.0833, 152.0, 7.6, 154.0, 8.0, 1.1667, 3.0, 2788518.0635]
Dawn of the Planet of the Apes [1, 116.0, 2.32, 116.0, 0.25, 3.0, 0.25, 2711479.0887]
Ender's Game [1, 116.0, 116.0, 0.9032, 1.1667, 9.0, 10.3333, 284510.3336]
Oz the Great and Powerful [0.1667, 124.0, 2.3077, 1.7576, 2.0, 8.0, 8.0, 1085995.5248]
The Intern [1, 116.0, 110.0, 116.0, 2.0, 9.0, 2.0, 211338]
Cloudy with a Chance of Meatballs 2 [0.0082, 3.5909, 6.3333, 158.0, 1.0435, 1.0435, 8.0, 382859.642]
The Grand Budapest Hotel [0.1, 114.0, 114.0, 108.0, 1.0, 1.0, 1.0, 915051.668]
Lights Out [1, 108.0, 4.5385, 118.0, 8.0, 8.0, 8.0, 423108.2181]
London Has Fallen [0.0417, 152.0, 1.1852, 2.8519, 0.25, 1.1667, 8.0, 186382.5061]
The Expendables 3 [0.0104, 116.0, 0.6038, 8.5714, 1.1667, 3.0, 1.1667, 705472.1725]
The Hunger Games: Mockingjay - Part 2 [0.0086, 2.4545, 0.8906, 118.0, 1.0435, 8.0, 8.0, 1823613.4255]
Money Monster [0.0625, 108.0, 1.6389, 114.0, 0.25, 2.0, 1.0435, 541905.4516]
Central Intelligence [0.0098, 1.6522, 0.4932, 2.9231, 0.25, 3.0, 8.0, 331539.9512]
Lucy [0.0313, 152.0, 152.0, 152.0, 10.3333, 8.0, 3.0, 3561571.5216]
I, Frankenstein [1, 25.3333, 1.8205, 1.925, 2.0, 14.4, 2.0, 180741.0903]
A Million Ways to Die in the West [0.0833, 116.0, 124.0, 124.0, 0.25, 1.1667, 3.0, 175092.2701]
Fantastic Four [0.0313, 124.0, 1.4688, 1.0417, 0.25, 1.1667, 3.0, 693220.2604]
Jupiter Ascending [0.0094, 154.0, 0.6441, 7.0, 0.25, 8.0, 8.0, 453387]
Fury [0.0714, 152.0, 1.25, 2.24, 0.25, 1.1667, 3.0, 535084.4589]
Guardians of the Galaxy [0.0455, 158.0, 0.75, 2.9231, 3.0, 4.0, 4.0, 1618755.0854]
Transcendence [1, 108.0, 9.5, 108.0, 4.0, 4.0, 9.0, 525293.0024]
The Angry Birds Movie [0.0156, 158.0, 152.0, 154.0, 2.0, 2.0, 9.0, 493453.214]
Mr. Peabody & Sherman [0.0833, 154.0, 0.4932, 3.4545, 0.25, 1.1667, 3.0, 877733.2791]
Captain America: The Winter Soldier [0.1667, 158.0, 3.5, 158.0, 1.1667, 1.1667, 9.0, 1374448.5761]



The DATASET for Australia is:


Gone Girl [0.012, 48.0, 0.2308, 48.0, 0.0286, 0.1892, 0.0286, 1431906.8466]
Deadpool [0.4651, 52.0, 2.6667, 0.4483, 0.1667, 0.5, 0.6207, 2193186.2409]
Thor: The Dark World [0.3333, 48.0, 0.5306, 2.0, 0.5, 0.2222, 0.125, 1349239.1047]
The Legend of Tarzan [0.1974, 52.0, 0.4545, 52.0, 0.1667, 0.5, 0.1892, 602503.555]
Star Trek Into Darkness [0.0704, 56.0, 0.7647, 0.4308, 0.5, 1.3077, 0.1892, 1051522.2515]
Divergent [0.89, 52.0, 52.0, 52.0, 0.5, 0.0286, 0.0286, 645509.8749]
The Smurfs 2 [0.4074, 50.0, 56.0, 50.0, 0.0286, 0.1892, 0.1892, 808094.5359]
Big Hero 6 [0.381, 0.9032, 56.0, 56.0, 0.1667, 0.5, 0.1892, 1170083.6735]
Transformers: Age of Extinction [0.0156, 48.0, 0.1765, 52.0, 0.1667, 0.0286, 0.1892, 1636757.867]
Suicide Squad [0.4935, 52.0, 0.2222, 56.0, 0.1667, 0.5, 0.5185, 1719981.501]
The Lone Ranger [0.1452, 0.549, 0.5714, 52.0, 0.65, 1.0, 0.122, 631556.3529]
American Sniper [0.5185, 52.0, 52.0, 56.0, 0.5, 0.6207, 0.5, 992284.5293]
Jack the Giant Slayer [0.1, 50.0, 52.0, 0.7368, 0.2222, 0.125, 0.2222, 250139.368]
Fifty Shades of Grey [0.14, 56.0, 0.641, 0.3415, 0.5, 0.1892, 0.2, 1200124.7531]
Insurgent [0.1216, 52.0, 68.0, 1.2381, 0.1667, 0.5, 0.1892, 621870.2436]
Terminator Genisys [0.1026, 3.7143, 0.1905, 0.2317, 0.2222, 0.2222, 0.2222, 687034.8255]
The Wolf of Wall Street [0.08, 52.0, 0.7647, 56.0, 0.1892, 0.0625, 0.0625, 1440652.1396]
World War Z [0.8065, 0.8621, 50.0, 56.0, 0.5, 0.6207, 0.5, 1081090.7176]
The Hobbit: The Battle of the Five Armies [1.3214, 2.8, 0.625, 48.0, 0.1667, 0.5, 0.2222, 1778912.2449]
Exodus: Gods and Kings [0.2188, 4.0, 48.0, 52.0, 0.0625, 1.3077, 0.2, 464449.7038]
The Conjuring 2 [0.3077, 0.963, 52.0, 0.1235, 0.5, 0.6207, 0.5, 533025.8723]
The Hobbit: The Desolation of Smaug [0.125, 56.0, 1.9231, 0.3134, 0.1667, 0.5, 0.2222, 2275563.9895]
Noah [0.2778, 52.0, 0.275, 56.0, 0.5, 0.6207, 0.0286, 765549.5721]
The Croods [200.0, 56.0, 0.0533, 52.0, 0.5, 0.0286, 0.6207, 1563709.4799]
Night at the Museum: Secret of the Tomb [0.1613, 50.0, 0.4237, 50.0, 0.2, 0.5, 0.2222, 700019.5523]
San Andreas [0.5263, 50.0, 0.7568, 52.0, 0.0286, 0.7368, 0.7368, 443343.5155]
Horrible Bosses 2 [0.14, 1.0, 0.1791, 52.0, 0.2222, 0.125, 0.125, 366746.9388]
The Great Gatsby [0.0667, 52.0, 0.3768, 52.0, 0.5, 0.2222, 0.2, 1664411.8499]
Gravity [0.57, 0.9286, 0.4194, 2.0833, 0.5, 0.125, 0.125, 1289045.3588]
The Secret Life of Walter Mitty [0.7544, 56.0, 4.0, 56.0, 0.0286, 0.5, 0.1892, 785186.8334]
Ant-Man [0.4815, 56.0, 0.5385, 0.4333, 0.7368, 0.2222, 0.7368, 717648.2554]
The Judge [0.7708, 52.0, 0.6667, 52.0, 0.1667, 0.2, 0.2, 174830.7439]
Olympus Has Fallen [0.025, 52.0, 52.0, 0.6538, 0.1316, 1.1111, 1.1111, 351982.2251]
Frozen [44.0, 56.0, 0.2273, 46.0, 0.1667, 0.1892, 0.6207, 1757792.6267]
The Amazing Spider-Man 2 [0.1333, 48.0, 48.0, 2.1667, 0.5, 0.5, 0.2, 978216.7874]
Star Trek Beyond [0.0635, 56.0, 0.8235, 0.8519, 0.0286, 0.2222, 0.1316, 474594.6675]
Inside Out [0.1395, 4.0, 0.3125, 56.0, 0.5, 0.6207, 0.1316, 1540487.1626]
The Jungle Book [160.0, 56.0, 2.3333, 56.0, 1.0, 0.2222, 0.75, 1494061.9487]
Million Dollar Arm [0.0933, 50.0, 56.0, 52.0, 0.1667, 0.2, 0.2, 0]
The Maze Runner [0.0588, 52.0, 0.4906, 48.0, 0.1892, 0.5, 0.6207, 915327.4523]
Man of Steel [0.25, 48.0, 46.0, 1.7143, 0.125, 0.0286, 0.1316, 1470853.0612]
The Secret Life of Pets [0.9706, 3.4286, 0.6486, 1.7143, 0.1667, 0.5, 0.1892, 1476144.9638]
Batman v Superman: Dawn of Justice [0.3625, 52.0, 52.0, 50.0, 0.1316, 0.6207, 0.6207, 1482380.8427]
The Good Dinosaur [0.2857, 56.0, 0.4237, 50.0, 0.1667, 0.2, 0.2, 677741.5405]
Taken 3 [0.0851, 52.0, 0.2297, 0.2179, 1.3077, 0.5, 1.3077, 736692.4292]
Oblivion [0.1205, 50.0, 0.2471, 50.0, 0.0286, 0.0286, 0.0286, 587691.0467]
The Interview [0.0606, 50.0, 1.3889, 4.1667, 0.1892, 0.2, 0.1892, 61600.395]
Jurassic World [0.0875, 56.0, 0.1932, 50.0, 0.1667, 0.0286, 0.7368, 2566085.056]
22 Jump Street [0.1385, 52.0, 0.4063, 0.0328, 0.7368, 1.3077, 0.2, 1382536.4714]
Now You See Me [0.1471, 52.0, 0.268, 52.0, 0.2, 0.2, 0.2, 1064080.0527]
The Wolverine [0.087, 56.0, 0.2542, 56.0, 0.125, 0.2222, 0.2222, 947418.6965]
Focus [0.2933, 50.0, 0.3725, 56.0, 0.125, 0.1316, 0.125, 439497.8275]
Penguins of Madagascar [0.2022, 52.0, 1.8571, 52.0, 0.0286, 0.0286, 0.1316, 802189.5984]
Monsters University [0.42, 56.0, 1.2727, 3.1111, 0.5, 0.0286, 0.1892, 1431667.4786]
Home [0.2317, 56.0, 0.2165, 56.0, 0.1667, 0.5, 0.1892, 950488.6768]
Edge of Tomorrow [0.1591, 52.0, 0.3472, 52.0, 0.1667, 0.5, 0.1892, 583297.1692]
Pacific Rim [0.4231, 56.0, 0.5319, 56.0, 0.6207, 0.6207, 0.6207, 495275.3127]
300: Rise of an Empire [0.1818, 52.0, 0.2179, 1.4706, 0.1667, 0.5, 0.2, 514774.786]
Mission: Impossible - Rogue Nation [0.2211, 56.0, 0.4808, 0.549, 0.1667, 0.5, 0.0286, 743146.8071]
The Lego Movie [0.5263, 56.0, 56.0, 56.0, 0.2222, 0.125, 0.65, 1827357.6695]
Pompeii [0.07, 2.3636, 0.2558, 0.6087, 0.5, 0.5, 0.1892, 82282.0276]
Mad Max: Fury Road [0.1, 2.7778, 0.3939, 1.4444, 0.5, 0.2222, 0.1892, 1058048.2554]
The Martian [184.0, 3.125, 0.9333, 56.0, 0.1667, 0.5, 0.0286, 1290398.6175]
The Man from U.N.C.L.E. [0.3, 48.0, 0.5581, 3.0, 0.0286, 0.0286, 0.0286, 213060.3028]
Dirty Grandpa [0.4231, 46.0, 0.175, 0.7931, 0.1667, 0.5, 0.1892, 297394.9309]
X-Men: Apocalypse [0.4333, 46.0, 0.0476, 0.8929, 0.6207, 0.1892, 0.1892, 749976.4977]
X-Men: Days of Future Past [0.0435, 56.0, 1.2381, 2.0, 0.1667, 0.0286, 0.1316, 1390476.366]
Minions [80.0, 56.0, 56.0, 50.0, 0.1892, 0.125, 0.125, 1543904.0158]
The Lovers [0.1389, 52.0, 0.963, 1.4444, 0.0286, 0.0286, 0.1892, 0]
Despicable Me 2 [0.1026, 56.0, 0.2368, 0.7568, 0.5, 0.6207, 0.6207, 2153542.9888]
Into the Woods [200.0, 52.0, 0.3611, 52.0, 0.1316, 0.125, 1.1111, 595347.1363]
Legends of Oz: Dorothy's Return [0.3182, 56.0, 56.0, 56.0, 1.1111, 0.0286, 0.0286, 7137.2614]
Rio 2 [0.625, 52.0, 0.5652, 0.2857, 0.7368, 0.1892, 0.2, 741239.1047]
Escape Plan [0.1408, 2.1538, 0.2958, 0.5, 0.5, 0.2222, 0.1892, 0]
Interstellar [0.1622, 52.0, 3.125, 50.0, 0.65, 0.65, 0.75, 1117263.4628]
Everest [1.0294, 46.0, 48.0, 46.0, 0.2222, 0.65, 0.2, 484029.2298]
The Finest Hours [0.6154, 0.8667, 56.0, 52.0, 0.7368, 1.3077, 0.2, 11658.0645]
The Hateful Eight [0.5172, 52.0, 0.1892, 52.0, 0.1667, 0.2222, 0.2, 358291.1126]
White House Down [0.2143, 50.0, 3.7143, 56.0, 0.5, 1.3077, 0.1892, 441108.6241]
Tomorrowland [0.0833, 56.0, 0.6829, 50.0, 0.1667, 0.6207, 0.125, 223648.9796]
How to Train Your Dragon 2 [0.0476, 52.0, 0.4727, 52.0, 0.1667, 0.5, 0.1892, 1634454.707]
Iron Man 3 [0.0476, 52.0, 0.4688, 0.1389, 0.1667, 0.7368, 0.2, 2380808.8216]
Furious 7 [0.0426, 46.0, 0.6154, 0.2727, 0.1667, 0.5, 0.1892, 2230978.736]
Captain America: Civil War [0.0635, 56.0, 0.1304, 0.2791, 0.2, 0.2222, 0.5185, 1659001.2508]
The Revenant [0.1563, 46.0, 0.5349, 0.5106, 0.0286, 0.2, 0.2, 1004268.1369]
Now You See Me 2 [74.0, 52.0, 0.23, 0.2045, 0.5, 0.1316, 0.6207, 457140.2897]
Pan [0.5385, 1.5333, 48.0, 46.0, 0.2, 0.2222, 0.2, 348701.185]
13 Hours [0.0556, 2.5455, 0.5417, 56.0, 0.1667, 0.5, 0.1892, 63393.5484]
Avengers: Age of Ultron [0.1358, 50.0, 1.6667, 56.0, 0.2222, 0.5, 0.1892, 2038785.5168]
Dawn of the Planet of the Apes [0.4878, 52.0, 0.8125, 52.0, 0.1667, 0.1892, 0.1667, 1124029.1639]
Ender's Game [0.3699, 52.0, 52.0, 0.194, 0.5, 0.1316, 0.6207, 150164.7136]
Oz the Great and Powerful [0.1818, 56.0, 0.7647, 0.3521, 0.0286, 0.2222, 0.2222, 1045236.4055]
The Intern [0.3962, 52.0, 52.0, 52.0, 0.0286, 0.1316, 0.0286, 442547.5971]
Cloudy with a Chance of Meatballs 2 [0.6, 1.037, 0.8065, 56.0, 0.7368, 0.7368, 0.2222, 747704.74]
The Grand Budapest Hotel [0.1452, 48.0, 48.0, 46.0, 0.0625, 0.0625, 0.0625, 742570.8361]
Lights Out [0.3448, 46.0, 0.8, 48.0, 0.2, 0.2222, 0.2, 164581.9618]
London Has Fallen [0.4194, 50.0, 0.5238, 0.5185, 0.1667, 0.5, 0.2, 295972.2186]
The Expendables 3 [0.1011, 50.0, 0.1512, 2.0, 0.5, 0.1892, 0.5, 260145.4905]
The Hunger Games: Mockingjay - Part 2 [0.31, 1.0, 0.4706, 48.0, 0.7368, 0.2222, 0.2, 1410287.1626]
Money Monster [0.1717, 46.0, 0.381, 48.0, 0.1667, 0.0286, 0.7368, 348788.6768]
Central Intelligence [0.0385, 50.0, 0.1519, 0.4808, 0.1667, 0.1892, 0.2, 758472.3502]
Lucy [0.4583, 50.0, 0.6579, 50.0, 0.6207, 0.2, 0.1892, 913318.3673]
I, Frankenstein [0.5, 0.8621, 0.381, 0.56, 0.0286, 0.5185, 0.0286, 20950.1646]
A Million Ways to Die in the West [0.1014, 50.0, 56.0, 56.0, 0.1667, 0.5, 0.1892, 362363.4628]
Fantastic Four [0.3725, 56.0, 0.2062, 0.25, 0.1667, 0.5, 0.1892, 255055.1679]
Jupiter Ascending [0.05, 56.0, 0.2063, 1.3333, 0.1667, 0.2222, 0.122, 266566.1619]
Fury [0.0465, 50.0, 0.3281, 0.5758, 0.1667, 0.5, 0.1892, 515449.5721]
Guardians of the Galaxy [0.2712, 56.0, 0.2143, 0.4808, 0.1892, 0.125, 0.125, 1533376.1027]
Transcendence [0.9429, 46.0, 1.5, 46.0, 0.125, 0.125, 0.1316, 180521.5932]
The Angry Birds Movie [0.4023, 56.0, 50.0, 56.0, 0.0286, 0.0286, 0.1316, 449873.7986]
Mr. Peabody & Sherman [0.1944, 56.0, 0.1519, 0.5814, 0.1667, 0.5, 0.1892, 794127.8473]
Captain America: The Winter Soldier [0.0571, 56.0, 1.3333, 56.0, 0.5, 0.5, 0.1316, 1210688.3476]
