2016
2013
2016
2013
2014
2013
2014
2014
2016
2013
2014
2013
2015
2015
2015
2013
2013
2014
2014
2016
2013
2014
2013
2014
2015
2014
2013
2013
2013
2015
2014
2013
2013
2014
2016
2015
2016
2014
2014
2013
2016
2016
2015
2014
2013
2014
2015
2014
2013
2013
2015
2014
2013
2015
2014
2013
2014
2015
2014
2014
2015
2015
2015
2016
2016
2014
2015
2015
2013
2014
2013
2014
2013
2014
2015
2016
2015
2013
2015
2014
2013
2015
2016
2015
2016
2015
2016
2015
2014
2013
2013
2015
2013
2014
2016
2016
2014
2015
2016
2016
2014
2014
2014
2015
2015
2014
2014
2014
2016
2014
2014
2014
